Iteration   Best particle   Best Objective fun   Objective fun        E2A        E2B        E2C        E2D        E2E
    1               6             0.464443        0.464443         9.83E+09   1.21E+10   5.48E+09   5.00E+09   1.30E+10 
    2              43             0.451651        0.451651         9.90E+09   8.49E+09   5.50E+09   7.77E+09   1.30E+10 
    3              43             0.451651        0.691534         9.90E+09   8.49E+09   5.50E+09   7.77E+09   1.30E+10 
    4              43             0.451651        0.648044         9.90E+09   8.49E+09   5.50E+09   7.77E+09   1.30E+10 
    5              43             0.451651        0.585828         9.90E+09   8.49E+09   5.50E+09   7.77E+09   1.30E+10 
    6              43             0.313408        0.313408         9.63E+09   9.31E+09   5.45E+09   7.44E+09   1.30E+10 
    7              27             0.256889        0.256889         1.01E+10   1.05E+10   6.25E+09   5.92E+09   1.24E+10 
    8              27             0.256889        0.260884         1.01E+10   1.05E+10   6.25E+09   5.92E+09   1.24E+10 
    9              27             0.256889          0.4757         1.01E+10   1.05E+10   6.25E+09   5.92E+09   1.24E+10 
   10              27             0.256889        0.453252         1.01E+10   1.05E+10   6.25E+09   5.92E+09   1.24E+10 
   11              27             0.256889        0.435375         1.01E+10   1.05E+10   6.25E+09   5.92E+09   1.24E+10 
   12              46            0.0945698       0.0945698         1.00E+10   1.18E+10   5.80E+09   5.29E+09   1.19E+10 
   13              46            0.0945698        0.225198         1.00E+10   1.18E+10   5.80E+09   5.29E+09   1.19E+10 
   14              46            0.0945698        0.220514         1.00E+10   1.18E+10   5.80E+09   5.29E+09   1.19E+10 
   15              46            0.0945698        0.150187         1.00E+10   1.18E+10   5.80E+09   5.29E+09   1.19E+10 
   16              46            0.0945698        0.221072         1.00E+10   1.18E+10   5.80E+09   5.29E+09   1.19E+10 
   17              23            0.0813253       0.0813253         1.00E+10   1.17E+10   6.13E+09   5.31E+09   1.19E+10 
   18              23            0.0813253        0.143987         1.00E+10   1.17E+10   6.13E+09   5.31E+09   1.19E+10 
   19              23            0.0813253         0.10196         1.00E+10   1.17E+10   6.13E+09   5.31E+09   1.19E+10 
   20              23            0.0813253        0.133848         1.00E+10   1.17E+10   6.13E+09   5.31E+09   1.19E+10 
   21              23            0.0786206       0.0786206         1.00E+10   1.17E+10   5.85E+09   5.44E+09   1.20E+10 
   22              23            0.0786206       0.0792438         1.00E+10   1.17E+10   5.85E+09   5.44E+09   1.20E+10 
   23              40              1.51128         1.51128         1.11E+10   1.16E+10   8.84E+09   5.44E+09   8.61E+09 
   24              36              1.00397         1.00397         1.11E+10   1.20E+10   7.77E+09   5.57E+09   9.71E+09 
   25               3             0.327423        0.327423         1.02E+10   1.25E+10   5.62E+09   5.00E+09   1.14E+10 
   26               3             0.327423        0.592429         1.02E+10   1.25E+10   5.62E+09   5.00E+09   1.14E+10 
   27               3             0.327423        0.500169         1.02E+10   1.25E+10   5.62E+09   5.00E+09   1.14E+10 
   28               3             0.225482        0.225482         9.65E+09   1.22E+10   6.50E+09   5.00E+09   1.17E+10 
   29               3             0.225482        0.330086         9.65E+09   1.22E+10   6.50E+09   5.00E+09   1.17E+10 
   30              43             0.199009        0.199009         9.78E+09   1.20E+10   6.70E+09   5.00E+09   1.18E+10 
   31              40             0.129309        0.129309         1.04E+10   1.17E+10   6.82E+09   5.00E+09   1.13E+10 
   32              14             0.101607        0.101607         1.02E+10   1.21E+10   6.35E+09   5.00E+09   1.15E+10 
   33              11             0.093452        0.093452         1.02E+10   1.19E+10   6.24E+09   5.00E+09   1.16E+10 
   34              11             0.093452        0.127258         1.02E+10   1.19E+10   6.24E+09   5.00E+09   1.16E+10 
   35              11             0.093452       0.0983448         1.02E+10   1.19E+10   6.24E+09   5.00E+09   1.16E+10 
   36              19            0.0913194       0.0913194         1.02E+10   1.20E+10   6.51E+09   5.00E+09   1.16E+10 
   37              19            0.0913194       0.0973712         1.02E+10   1.20E+10   6.51E+09   5.00E+09   1.16E+10 
   38              20              2.29372         2.29372         1.02E+10   1.01E+10   7.72E+09   7.21E+09   1.20E+10 
   39              37             0.870804        0.870804         9.81E+09   9.56E+09   7.23E+09   7.43E+09   1.18E+10 
   40              33             0.445843        0.445843         1.17E+10   9.89E+09   6.81E+09   7.48E+09   9.91E+09 
   41              34             0.202708        0.202708         1.11E+10   8.78E+09   6.44E+09   7.38E+09   1.14E+10 
   42              34             0.202708        0.440465         1.11E+10   8.78E+09   6.44E+09   7.38E+09   1.14E+10 
   43              30             0.128754        0.128754         1.04E+10   9.10E+09   6.18E+09   7.70E+09   1.19E+10 
   44              30             0.128754        0.373603         1.04E+10   9.10E+09   6.18E+09   7.70E+09   1.19E+10 
   45              41            0.0952936       0.0952936         1.06E+10   8.89E+09   5.98E+09   8.12E+09   1.15E+10 
   46              37            0.0112297       0.0112297         1.13E+10   8.58E+09   5.69E+09   8.24E+09   1.09E+10 
   47              37            0.0112297       0.0503144         1.13E+10   8.58E+09   5.69E+09   8.24E+09   1.09E+10 
   48              37            0.0112297        0.100817         1.13E+10   8.58E+09   5.69E+09   8.24E+09   1.09E+10 
   49              37            0.0112297       0.0178204         1.13E+10   8.58E+09   5.69E+09   8.24E+09   1.09E+10 
   50              37            0.0112297       0.0200496         1.13E+10   8.58E+09   5.69E+09   8.24E+09   1.09E+10 
--------------------------------------


*********************************************************
Final Results-----------------------------

bestfun =

    0.0112


best_variables_E2 =

   1.0e+10 *

    1.1302    0.8579    0.5692    0.8238    1.0905

*********************************************************
Elapsed time is 24388.212233 seconds.